-39.649571 -5.683325 50.944204 
40.374566 -8.213061 52.092025 
-19.445686 34.808127 42.201729 
20.899716 31.120103 43.815357 
-17.560361 47.324667 -13.306768 
17.494719 48.097977 -14.020104 
-34.431796 32.731832 35.455581 
36.594838 33.061921 34.035097 
-31.645669 50.429696 -9.618954 
32.181705 52.587936 -10.731165 
-49.433805 12.733285 19.022488 
49.203956 14.976463 21.411759 
-46.583168 29.913997 13.990400 
49.329734 30.161802 14.173360 
-36.984842 30.707432 -12.109787 
40.224413 32.230305 -11.910962 
-48.158458 -8.475501 13.950749 
51.646790 -6.252213 14.634678 
-6.324037 4.848455 61.375477 
7.615780 0.171406 61.853799 
-9.062776 15.053050 -11.455349 
9.426947 15.912073 -11.256343 
-5.799430 49.168665 30.893678 
8.099358 50.840627 30.219330 
-6.174033 54.057148 -7.396754 
7.161135 51.671033 -7.134061 
-6.081876 37.072407 -18.136218 
7.353288 35.644688 -18.044013 
-36.130982 6.651780 3.440932 
38.019111 6.245116 2.077506 
-5.036584 35.399858 13.952874 
7.455660 37.005554 15.839782 
-6.476405 -14.919804 41.569430 
7.020353 -8.826396 39.791022 
-5.847645 -42.917900 24.669717 
6.437453 -41.814996 21.866616 
-26.026777 -20.741197 -10.133485 
28.230739 -19.783197 -10.331186 
-22.171081 -15.950323 -20.704347 
24.381812 -15.146766 -20.470204 
-24.268898 -0.667051 -17.141373 
26.319084 0.638677 -17.502799 
-8.141653 -78.666960 6.439225 
14.994222 -73.148337 9.404770 
-6.933982 -80.133603 27.223523 
12.510995 -79.358209 28.228385 
-15.616938 -67.554985 -4.632884 
15.289864 -66.925854 -3.874743 
-17.540728 -84.262256 28.165323 
23.291506 -80.853888 30.586958 
-33.388511 -80.731617 16.114779 
36.387657 -79.704639 19.415758 
-37.358678 -78.292994 -7.844347 
37.158658 -81.993063 -7.613192 
-32.159276 -40.297769 -20.228222 
32.968062 -39.101745 -20.178425 
-43.462371 -22.631340 48.917238 
40.428357 -25.493051 52.544956 
-24.453599 -59.557237 58.960107 
25.105845 -59.179845 62.061752 
-43.803723 -45.819664 46.740526 
45.462046 -46.289696 49.535074 
-56.788130 -33.637832 30.449480 
56.610717 -31.504883 34.479962 
-45.141308 -60.815849 35.587244 
44.507674 -59.984653 38.627668 
-8.240849 -56.070915 48.009027 
8.979604 -56.049496 43.769428 
-8.630150 -25.364585 70.070294 
6.477066 -31.587031 68.094128 
-12.461859 10.995965 9.239130 
13.836167 12.074298 9.415187 
-24.913750 3.855326 2.401284 
26.778731 4.912926 2.464747 
-18.749672 -0.031510 0.210503 
20.200640 0.175503 0.228062 
-11.848391 -17.564483 7.976092 
11.997738 -17.552447 8.086796 
-42.991685 -18.875277 9.978381 
44.856921 -17.146694 10.405992 
-54.156498 -20.677555 7.134812 
57.145974 -21.780584 6.801370 
-40.878569 15.144114 -20.182734 
47.246762 14.745166 -16.863244 
-56.523899 -33.799812 -2.200976 
56.473481 -37.227990 -1.468070 
-37.319853 14.586898 -34.080882 
43.220380 14.551637 -32.233157 
-50.770655 -28.051624 -23.168441 
52.692181 -31.069236 -22.318884 

